    unsorted:	 448.4654506 448.5150855 449.2205987 449.6172081 447.5437690 450.4789479 451.5896769 452.2918211 452.9604408 453.7197423 454.3562154 454.8185049 455.3418569 455.5417317 446.5545137 445.6273542 445.0044817 444.6546461 443.8990852 458.7500129 459.4199648 439.0487312 435.8685963 431.7673330 470.8160058 423.6648258 478.5063371 479.2178682 417.4165847 413.5998285 412.8972015 481.7097772 401.2768435 395.4454915 393.5793716 388.6573087 384.8869550 380.7202739 376.7187996 377.6859269 497.8818556 367.1740469 361.6999216 505.5028140 511.8052455 348.6718375 347.6614440 340.4758320 524.2279966 332.8978531 330.1370223 536.1666996 320.4067455 309.9572371 303.4704997 566.2059547 294.0744811 580.4752559 586.7969929 596.2104150 271.8438382 271.5828619 612.5916627 652.1092814 667.3984890 224.6971397 211.5674546 706.6891029 721.1540502 752.9896014 748.4986509 765.2029131 773.9180343 794.8820772 789.1731181 805.8413121 808.2056446 166.6712070 80.31278565 875.0237501 907.2710652 41.92332122 22.49190001 976.7083419 1159.286804 1292.193002 1535.299136 2002.711224 24632.07826 24622.16722 24612.95230 24649.19539 24597.11193 24589.43550 24670.48676 24685.94000 24699.34659 24730.42327 24723.44198 24738.99267 24750.41674 24565.46868 24786.84114 24795.06859 24525.57717 24516.96596 24819.27207 24834.25418 24475.05733 24470.02782 24867.89466 24419.52489 24371.52191 24300.66410 24240.53406 24229.91156 24987.69052 24078.93621 24067.13651 25076.96508 23918.31986 23761.03489 25315.77485 25387.40447 23604.12071 23544.48995 22962.45895 25915.67698 22750.71835 22298.23228 2962.493818 26753.99026 21344.19335 20574.95486 27866.21956 8127.040158 10131.90893 12566.72236 30612.09888 48587.96448 101267.1082 109265.7467 117465.7691 2.206440946 297.2566199
      sorted:	 2.206440946 22.49190001 41.92332122 80.31278565 166.6712070 211.5674546 224.6971397 271.5828619 271.8438382 294.0744811 297.2566199 303.4704997 309.9572371 320.4067455 330.1370223 332.8978531 340.4758320 347.6614440 348.6718375 361.6999216 367.1740469 376.7187996 377.6859269 380.7202739 384.8869550 388.6573087 393.5793716 395.4454915 401.2768435 412.8972015 413.5998285 417.4165847 423.6648258 431.7673330 435.8685963 439.0487312 443.8990852 444.6546461 445.0044817 445.6273542 446.5545137 447.5437690 448.4654506 448.5150855 449.2205987 449.6172081 450.4789479 451.5896769 452.2918211 452.9604408 453.7197423 454.3562154 454.8185049 455.3418569 455.5417317 458.7500129 459.4199648 470.8160058 478.5063371 479.2178682 481.7097772 497.8818556 505.5028140 511.8052455 524.2279966 536.1666996 566.2059547 580.4752559 586.7969929 596.2104150 612.5916627 652.1092814 667.3984890 706.6891029 721.1540502 748.4986509 752.9896014 765.2029131 773.9180343 789.1731181 794.8820772 805.8413121 808.2056446 875.0237501 907.2710652 976.7083419 1159.286804 1292.193002 1535.299136 2002.711224 2962.493818 8127.040158 10131.90893 12566.72236 20574.95486 21344.19335 22298.23228 22750.71835 22962.45895 23544.48995 23604.12071 23761.03489 23918.31986 24067.13651 24078.93621 24229.91156 24240.53406 24300.66410 24371.52191 24419.52489 24470.02782 24475.05733 24516.96596 24525.57717 24565.46868 24589.43550 24597.11193 24612.95230 24622.16722 24632.07826 24649.19539 24670.48676 24685.94000 24699.34659 24723.44198 24730.42327 24738.99267 24750.41674 24786.84114 24795.06859 24819.27207 24834.25418 24867.89466 24987.69052 25076.96508 25315.77485 25387.40447 25915.67698 26753.99026 27866.21956 30612.09888 48587.96448 101267.1082 109265.7467 117465.7691
