    unsorted:	 527.6889441 528.0484771 528.3594270 528.7015924 529.4392092 529.5602036 529.9914279 530.1431532 526.4061911 526.2460251 524.5478056 523.2236977 522.2984908 519.8649391 518.6768370 517.4445448 512.7522088 506.1887262 499.8164532 491.0629251 480.3898715 482.7296335 474.0052659 470.5126622 466.8896483 466.2758845 461.9763001 459.7943091 456.5715964 447.9161284 445.1506922 555.7075910 435.1414816 562.2488548 421.0008377 413.4042745 407.2476657 402.4080712 392.7022208 378.4294961 376.9667263 360.3262773 343.6492627 342.9478148 334.8564511 326.1319945 312.5043634 311.2459624 308.3883330 293.2928505 604.6011711 279.5372473 276.4048597 272.8937637 262.8703029 255.7997714 252.5158146 246.1093774 237.6610019 637.1579193 218.1088608 220.6179026 207.8357036 206.7895038 198.7828695 191.4119383 659.0295069 169.9737424 700.1323987 715.6930423 734.6471368 764.6182993 782.9249708 812.2576986 828.3339765 851.4722072 863.0241762 876.4696586 881.2012629 888.0248480 88.02228615 919.2275420 44.03612242 975.0842359 1059.121646 1242.128035 1328.836621 1506.112617 2248.853285 24702.32952 24699.65467 24696.70089 24687.25653 24742.59135 24577.43681 24573.00455 24559.11645 24550.27554 24765.06745 24796.58722 24482.82934 24433.20164 24390.54594 24351.37595 24828.54526 24304.04796 24282.13217 24225.19784 24206.89432 24190.81563 24877.27058 24964.85048 24973.37377 24004.34417 23994.26585 25087.30368 23605.27668 23647.97468 23461.20448 23264.56773 23133.98421 23089.25122 22833.48639 22731.59606 25688.14090 25997.22994 26162.44444 22030.91653 26512.11901 21601.18208 26996.46331 3984.925658 4657.532989 18492.27476 29095.69789 12131.27523 12974.06150 33268.47274 40991.56921 101520.8458 109154.7543 117370.1305 250373.6836 2.206442186 297.2566172
      sorted:	 2.206442186 44.03612242 88.02228615 169.9737424 191.4119383 198.7828695 206.7895038 207.8357036 218.1088608 220.6179026 237.6610019 246.1093774 252.5158146 255.7997714 262.8703029 272.8937637 276.4048597 279.5372473 293.2928505 297.2566172 308.3883330 311.2459624 312.5043634 326.1319945 334.8564511 342.9478148 343.6492627 360.3262773 376.9667263 378.4294961 392.7022208 402.4080712 407.2476657 413.4042745 421.0008377 435.1414816 445.1506922 447.9161284 456.5715964 459.7943091 461.9763001 466.2758845 466.8896483 470.5126622 474.0052659 480.3898715 482.7296335 491.0629251 499.8164532 506.1887262 512.7522088 517.4445448 518.6768370 519.8649391 522.2984908 523.2236977 524.5478056 526.2460251 526.4061911 527.6889441 528.0484771 528.3594270 528.7015924 529.4392092 529.5602036 529.9914279 530.1431532 555.7075910 562.2488548 604.6011711 637.1579193 659.0295069 700.1323987 715.6930423 734.6471368 764.6182993 782.9249708 812.2576986 828.3339765 851.4722072 863.0241762 876.4696586 881.2012629 888.0248480 919.2275420 975.0842359 1059.121646 1242.128035 1328.836621 1506.112617 2248.853285 3984.925658 4657.532989 12131.27523 12974.06150 18492.27476 21601.18208 22030.91653 22731.59606 22833.48639 23089.25122 23133.98421 23264.56773 23461.20448 23605.27668 23647.97468 23994.26585 24004.34417 24190.81563 24206.89432 24225.19784 24282.13217 24304.04796 24351.37595 24390.54594 24433.20164 24482.82934 24550.27554 24559.11645 24573.00455 24577.43681 24687.25653 24696.70089 24699.65467 24702.32952 24742.59135 24765.06745 24796.58722 24828.54526 24877.27058 24964.85048 24973.37377 25087.30368 25688.14090 25997.22994 26162.44444 26512.11901 26996.46331 29095.69789 33268.47274 40991.56921 101520.8458 109154.7543 117370.1305 250373.6836
