    unsorted:	 529.8967034 530.3640781 531.2798432 531.4341560 532.4640081 532.8845456 533.3401639 533.6348646 533.8057542 528.5919750 528.1496592 526.3342016 524.1984215 523.8507765 521.3561518 518.8215292 518.0895104 513.0519335 508.4440057 499.7574369 489.8724323 481.8294384 470.2910443 467.7184055 463.5424252 462.3823333 451.3446499 555.9947695 443.9717723 429.3145868 436.2126069 424.2618416 418.5228886 408.2511099 394.8294745 397.8228741 387.7893538 379.7239654 366.0700472 364.9945219 367.3722492 351.3568938 346.9480653 341.2460074 334.7911014 321.3575655 588.0468308 314.9209322 304.6041643 298.3544342 291.9845393 277.8548718 616.0508838 260.7120177 247.1134061 243.7350903 231.8359447 221.7264932 211.8875380 658.9659141 202.3860969 669.6184803 191.6775835 168.7262924 715.2233361 722.5020507 759.1552066 769.8091095 121.6094012 790.5537806 801.4845561 73.30153256 36.55147410 24.27088233 894.4394712 960.6643555 993.7439950 1062.458023 1240.772975 1313.057407 24593.52164 24591.93353 24586.94802 24576.20084 24564.44823 24553.90727 24648.63797 24661.57408 24701.38895 24705.81162 24517.45646 24777.00043 24786.20015 24850.03619 24864.85109 24373.42792 24347.71246 24220.28249 24216.45819 24188.68887 24177.77175 25146.24811 23816.88567 23740.45646 25437.71963 23352.91778 23126.38023 23022.79876 22768.54327 25876.36229 25975.37266 22095.13946 2345.006400 27198.97985 20375.61327 27909.19590 5724.325467 15539.10766 10929.11430 34763.28679 117366.9086 127956.6580 140691.7222 213566.9262 2.206443470 297.2566143
      sorted:	 2.206443470 24.27088233 36.55147410 73.30153256 121.6094012 168.7262924 191.6775835 202.3860969 211.8875380 221.7264932 231.8359447 243.7350903 247.1134061 260.7120177 277.8548718 291.9845393 297.2566143 298.3544342 304.6041643 314.9209322 321.3575655 334.7911014 341.2460074 346.9480653 351.3568938 364.9945219 366.0700472 367.3722492 379.7239654 387.7893538 394.8294745 397.8228741 408.2511099 418.5228886 424.2618416 429.3145868 436.2126069 443.9717723 451.3446499 462.3823333 463.5424252 467.7184055 470.2910443 481.8294384 489.8724323 499.7574369 508.4440057 513.0519335 518.0895104 518.8215292 521.3561518 523.8507765 524.1984215 526.3342016 528.1496592 528.5919750 529.8967034 530.3640781 531.2798432 531.4341560 532.4640081 532.8845456 533.3401639 533.6348646 533.8057542 555.9947695 588.0468308 616.0508838 658.9659141 669.6184803 715.2233361 722.5020507 759.1552066 769.8091095 790.5537806 801.4845561 894.4394712 960.6643555 993.7439950 1062.458023 1240.772975 1313.057407 2345.006400 5724.325467 10929.11430 15539.10766 20375.61327 22095.13946 22768.54327 23022.79876 23126.38023 23352.91778 23740.45646 23816.88567 24177.77175 24188.68887 24216.45819 24220.28249 24347.71246 24373.42792 24517.45646 24553.90727 24564.44823 24576.20084 24586.94802 24591.93353 24593.52164 24648.63797 24661.57408 24701.38895 24705.81162 24777.00043 24786.20015 24850.03619 24864.85109 25146.24811 25437.71963 25876.36229 25975.37266 27198.97985 27909.19590 34763.28679 117366.9086 127956.6580 140691.7222 213566.9262
